422 468
431 490
441 509
450 529
463 546
480 560
501 571
525 579
549 579
574 570
595 555
611 536
622 513
624 486
622 459
619 431
613 402
417 436
421 420
434 409
451 403
469 403
500 390
517 376
538 369
561 369
581 379
493 424
496 440
500 455
503 470
497 493
505 492
513 491
521 486
528 481
439 454
447 443
460 438
475 442
463 448
451 452
525 424
534 412
548 407
564 410
553 416
538 421
494 529
501 518
510 510
519 509
525 505
541 505
562 508
548 521
536 528
528 531
519 533
507 534
500 527
513 522
521 520
528 517
555 510
531 517
524 519
515 521
